-1243382387
-1243382386
-1243382385
-1243371971
-1243371970
-1243371969
-1243362682
-1242199631
-1242114954
-1242047077
-1242027231
-1241971499
-1241913031
-1241881316
-1241932977
-1241857090
-1241804263
-1241762763
-1241767803
-1241719540
-1241642981
-1241573735
-1241545558
-1241488304
-1241445755
-1241388085
-1241345281
-1241297719
-1241280464
-1241317137
-1241258024
-1241224615
-1241236443
-1241236442
-1241211942
-1241179595
-1241083724
-1241083722
-1241068464
-1241023489
-1240987051
-1240987051
-1240969712
-1240948052
-1240889053
-1240909585
-1240854972
-1240845508
-1240822421
-1240796356
-1240767403
-1240854966
-1240738591
-1240731354
-1240683154
-1240680766
-1240680764
-1240666334
-1240635617
-1240635616
-1240628293
-1240601846
-1240582063
-1240589070
-1240561112
-1240561110
-1240537811
-1240487545
-1240443345
-1240487544
-1240392908
-1240428884
-1240366031
-1240353784
-1240300523
-1240300523
-1240283662
-1240255498
-1240272027
-1240228933
-1240228933
-1240196555
-1240181406
-1240181405
-1240164790
-1240141248
-1240121020
-1240121018
-1240074041
-1240050452
-1240027580
-1240000782
-1240000781
-1239990658
-1239933386
-1239919571
-1239906517
-1239919569
-1239894663
-1239871199
-1239844970
-1239844969
-1239827254
-1239799555
-1239755332
-1239730558
-1239711768
-1239730557
-1239677265
-1239667795
-1239660593
-1239625787
-1239616186
-1239506342
-1239438193
-1239428173
-1239419978
-1239404787
-1239428171
-1239392524
-1239378141
-1239329820
-1239320423
-1239320422
-1239252580
-1239240576
-1239226063
-1239226062
-1239187012
-1239170641
-1239165496
-1239117549
-1239049406
-1239049404
-1239039841
-1239017606
-1239003450
-1238989331
-1238975135
-1238961350
-1238866867
-1238840789
-1238840788
-1238830650
-1238787261
-1238777494
-1238775164
-1238741373
-1238717691
-1238698540
-1238652574
-1238627475
-1238627469
-1238607178
-1238562353
-1238584353
-1238507894
-1238493828
-1238482097
-1238482097
-1238482096
-1238348515
-1238348513
-1238316260
-1238316259
-1238280068
-1238250077
-1238235908
-1238221398
-1238172581
-1238139894
-1238156825
-1238112089
-1238112087
-1238063664
-1238031568
-1238014620
-1237985102
-1237985100
-1237958728
-1237958727
-1237937083
-1237941765
-1237907422
-1237879051
-1237857888
-1237857888
-1237818654
-1237818654
-1237807156
-1237779021
-1237767561
-1237734889
-1237704781
-1237663027
-1237610896
-1237594883
-1237561871
-1237548795
-1237532680
-1237494610
-1237475793
-1237475793
-1237440713
-1237431022
-1237440708
-1237370635
-1237360814
-1237290684
-1237290683
-1237274004
-1237274004
-1237304811
-1237250466
-1237203444
-1237158081
-1237165616
-1237121393
-1237106401
-1237061080
-1237061079
-1237019343
-1237001106
-1237038856
-1236966303
-1236966303
-1236951191
-1236910564
-1236856945
-1236806814
-1236838191
-1236791462
-1236770421
-1236738885
-1236702686
-1236692022
-1236666767
-1236659916
-1236639251
-1236612532
-1236603135
-1236591600
-1236591598
-1236587013
-1236554086
-1236539981
-1236523358
-1236500132
-1236500131
-1236453353
-1236383402
-1236395412
-1236383401
-1236346681
-1236290371
-1236251239
-1236224126
-1236224124
-1236231170
-1236187064
-1236113413
-1236102447
-1236123134
-1236078952
-1236078952
-1236060088
-1236064777
-1236038906
-1236064776
-1236006179
-1235967736
-1235939629
-1235937322
-1235918562
-1235918560
-1235932751
-1235899745
-1235888174
-1235879028
-1235876643
-1235819722
-1235819726
-1235788740
-1235788739
-1235769216
-1235759624
-1235717605
-1235708224
-1235691870
-1235675452
-1235639047
-1235578145
-1235556246
-1235537989
-1235483164
-1235473933
-1235473932
-1235444886
-1235430185
-1235390279
-1235394887
-1235390278
-1235358436
-1235358435
-1235358430
-1235241130
-1235241129
-1235226272
-1235208542
-1235228746
-1235173060
-1235145594
-1235135142
-1235109651
-1235047090
-1235047089
-1235019131
-1235007416
-1234998229
-1234973003
-1234998228
-1234948649
-1234934530
-1234948648
-1234913450
-1234875775
-1234853061
-1234777512
-1234764959
-1234746348
-1234732261
-1234720479
-1234710311
-1234710314
-1234707878
-1234632578
-1234582910
-1234592471
-1234559853
-1234545934
-1234523506
-1234523502
-1234494071
-1234480062
-1234464862
-1234420995
-1234409169
-1234387556
-1234390064
-1234366063
-1234366058
-1234330944
-1234284259
-1234270223
-1234245776
-1234245775
-1234223013
-1234242929
-1234188419
-1234188418
-1234148165
-1234098789
-1234075586
-1234047767
-1234047765
-1234084451
-1234025778
-1234005094
-1234005091
-1233995664
-1233959639
-1233910454
-1233896461
-1233881930
-1233862288
-1233862284
-1233819849
-1233810348
-1233810347
-1233793602
-1233749736
-1233734235
-1233734235
-1233711309
-1233697191
-1233687319
-1233669912
-1233653687
-1233601463
-1233589762
-1233561561
-1233549640
-1233549640
-1233501957
-1233472972
-1233444897
-1233385414
-1233369906
-1233334978
-1233323171
-1233239237
-1233236718
-1233216908
-1233182875
-1233182874
-1233165332
-1233129302
-1233085872
-1233071815
-1233036379
-1232990027
-1232947365
-1232898609
-1232896315
-1232877042
-1232860806
-1232839620
-1232839619
-1232814840
-1232794797
-1232785345
-1232754162
-1232725883
-1232716206
-1232725882
-1232716205
-1232600686
-1232563316
-1232570353
-1232510644
-1232510640
-1232477758
-1232463504
-1232510639
-1232444746
-1232432918
-1232398225
-1232391346
-1232376400
-1232381512
-1232338207
-1232286851
-1232277468
-1232263162
-1232244057
-1232229026
-1232199588
-1232224027
-1232170989
-1232170985
-1232141173
-1232098052
-1232092921
-1232036182
-1232009208
-1231979936
-1231887961
-1231887960
-1231901672
-1231871560
-1231857208
-1231845464
-1231819099
-1231864646
-1231782029
-1231803335
-1231760330
-1231731424
-1231748053
-1231697887
-1231662706
-1231649559
-1231632210
-1231592672
-1231604468
-1231561492
-1231525228
-1231525228
-1231522550
-1231491938
-1231520176
-1231418976
-1231401926
-1231401924
-1231401920
-1231401919
-1231373519
-1231363995
-1231351721
-1231326019
-1231274519
-1231240818
-1231210846
-1231210846
-1231199175
-1231175363
-1231154100
-1231120452
-1231094346
-1231065930
-1231041226
-1231041225
-1230997483
-1230997477
-1230899722
-1230879593
-1230874924
-1230841659
-1230841657
-1230812413
-1230786319
-1230774282
-1230776864
-1230703901
-1230694178
-1230667308
-1230671948
-1230657931
-1230667303
-1230610876
-1230577867
-1230481217
-1230422183
-1230397381
-1230386830
-1230377344
-1230377341
-1230344824
-1230307066
-1230279964
-1230267774
-1230231401
-1230203525
-1230175959
-1230175957
-1230145632
-1230126639
-1230119333
-1230105226
-1230093429
-1230074980
-1230093422
-1230093422
-1229978645
-1229940232
-1229883125
-1229833629
-1229800905
-1229800905
-1229776655
-1229764825
-1229748457
-1229734577
-1229734576
-1229716016
-1229682309
-1229659807
-1229650324
-1229635080
-1229616698
-1229652654
-1229521553
-1229516432
-1229483997
-1229483991
-1229461675
-1229452548
-1229403027
-1229412303
-1229386239
-1229403026
-1229364069
-1229364065
-1229351657
-1229318983
-1229318981
-1229299367
-1229255929
-1229201625
-1229174321
-1229147412
-1229147411
-1229130257
-1229132767
-1229096405
-1229079623
-1229055973
-1229043092
-1229024270
-1228951740
-1228934455
-1228905188
-1228875809
-1228840730
-1228806906
-1228783373
-1228773950
-1228802244
-1228756648
-1228756647
-1228738886
-1228701717
-1228676359
-1228654467
-1228630590
-1228616375
-1228616374
-1228606746
-1228623576
-1228606745
-1228572531
-1228548800
-1228518474
-1228494558
-1228469848
-1228423720
-1228437038
-1228423718
-1228360323
-1228395683
-1228348598
-1228348597
-1228321821
-1228302171
-1228276568
-1228231270
-1228198343
-1228153858
-1228137503
-1228120392
-1228101951
-1228137501
-1228083455
-1228066982
-1228066982
-1227995139
-1227968980
-1227968977
-1227945087
-1227925360
-1227911106
-1227911102
-1227911102
-1227862655
-1227874395
-1227826498
-1227754620
-1227754615
-1227730800
-1227716384
-1227692005
-1227681897
-1227692003
-1227645481
-1227645481
-1227624829
-1227612959
-1227624827
-1227582908
-1227558122
-1227534668
-1227523175
-1227486695
-1227486694
-1227471932
-1227471931
-1227439490
-1227428129
-1227395287
-1227364306
-1227347863
-1227313212
-1227285448
-1227256226
-1227229782
-1227229781
-1227222977
-1227222976
-1227222975
-1227162354
-1227148876
-1227120001
-1227058612
-1227034859
-1227008055
-1226987713
-1226987711
-1226966524
-1226942930
-1226927878
-1226938137
-1226901276
-1226893487
-1226872381
-1226847341
-1226805510
-1226790917
-1226790916
-1226764268
-1226764267
-1226754832
-1226716352
-1226716350
-1226693270
-1226682970
-1226669031
-1226669031
-1226643015
-1226519482
-1226509347
-1226468421
-1226445189
-1226426387
-1226400856
-1226306281
-1226331667
-1226281555
-1226272030
-1226259216
-1226259214
-1226196964
-1226182812
-1226146935
-1226146930
-1226121462
-1226089448
-1226070575
-1226068151
-1226031419
-1226012126
-1225957471
-1225940216
-1225927769
-1225915250
-1225915250
-1225874536
-1225848798
-1225799099
-1225799098
-1225776389
-1225764220
-1225722147
-1225704628
-1225743015
-1225681572
-1225671753
-1225611180
-1225588582
-1225549371
-1225555051
-1225534203
-1225497642
-1225490431
-1225463851
-1225439589
-1225425198
-1225425197
-1225415844
-1225392616
-1225408944
-1225376099
-1225352881
-1225324097
-1225314469
-1225291845
-1225276891
-1225257367
-1225257366
-1225195388
-1225173337
-1225173337
-1225154070
-1225144862
-1225111508
-1225091958
-1225057705
-1225047270
-1225035601
-1225025775
-1224963528
-1224935530
-1224914686
-1224825957
-1224802340
-1224802339
-1224783978
-1224769719
-1224711860
-1224686362
-1224686360
-1224686359
-1224676348
-1224647559
-1224609170
-1224573987
-1224573986
-1224545068
-1224489794
-1224462067
-1224426034
-1224390611
-1224390615
-1224390614
-1224353122
-1224341185
-1224313365
-1224313364
-1224334244
-1224299241
-1224299235
-1224299239
-1224256677
-1224218700
-1224177432
-1224149356
-1224075157
-1224055617
-1224038287
-1224017892
-1224017891
-1223997204
-1223997203
-1223978330
-1223968871
-1223968870
-1223968870
-1223937443
-1223862760
-1223848770
-1223809548
-1223777416
-1223750740
-1223750739
-1223760354
-1223699398
-1223656510
-1223627568
-1223572378
-1223572373
-1223549698
-1223525377
-1223508780
-1223459347
-1223445411
-1223433758
-1223406020
-1223375805
-1223380376
-1223375805
-1223354797
-1223343098
-1223290187
-1223277865
-1223258328
-1223237385
-1223258327
-1223196178
-1223193866
-1223205384
-1223173971
-1223173970
-1223205383
-1223159139
-1223092328
-1223077429
-1223075126
-1223115045
-1223014508
-1222982481
-1222969744
-1222955581
-1222941831
-1222884030
-1222872431
-1222817076
-1222750794
-1222724595
-1222724594
-1222706906
-1222706905
-1222706905
-1222737857
-1222631808
-1222631807
-1222631802
-1222609995
-1222564397
-1222564396
-1222524642
-1222524641
-1222515295
-1222515294
-1222496261
-1222472728
-1222456468
-1222421420
-1222406907
-1222390693
-1222390691
-1222326889
-1222298316
-1222289081
-1222289080
-1222271324
-1222259582
-1222208977
-1222176262
-1222176261
-1222143130
-1222079587
-1221963765
-1221963764
-1221946626
-1221946625
-1221958568
-1221934916
-1221916243
-1221923323
-1221838574
-1221838572
-1221782938
-1221807588
-1221771203
-1221771203
-1221771200
-1221736300
-1221724798
-1221715411
-1221715410
-1221635621
-1221609885
-1221546722
-1221546720
-1221525523
-1221525522
-1221500691
-1221510451
-1221470416
-1221461142
-1221458833
-1221416480
-1221402711
-1221374249
-1221348959
-1221348959
-1221316909
-1221290476
-1221262976
-1221252386
-1221233600
-1221233596
-1221152093
-1221163861
-1221138099
-1221105717
-1221105716
-1221105715
-1221082941
-1220988188
-1220988183
-1220964527
-1220964526
-1220937406
-1220917549
-1220898912
-1220885055
-1220827977
-1220827976
-1220827976
-1220813070
-1220817784
-1220786120
-1220740898
-1220706677
-1220706676
-1220683658
-1220673321
-1220628939
-1220645014
-1220593605
-1220579407
-1220551556
-1220561008
-1220535312
-1220535312
-1220516762
-1220523801
-1220456465
-1220425363
-1220425363
-1220397628
-1220390684
-1220397627
-1220379190
-1220367690
-1220320603
-1220320599
-1220296969
-1220276436
-1220276435
-1220246214
-1220217226
-1220195460
-1220190605
-1220172764
-1220150896
-1220131738
-1220105249
-1220112409
-1220066859
-1220054680
-1219988754
-1219975059
-1219922645
-1219892983
-1219925243
-1219875793
-1219831365
-1219812783
-1219801287
-1219789500
-1219738703
-1219713157
-1219648052
-1219608103
-1219515587
-1219497428
-1219523648
-1219486496
-1219450545
-1219426553
-1219426551
-1219380645
-1219351925
-1219335347
-1219300884
-1219278854
-1219251581
-1219229108
-1219182633
-1219164186
-1219154673
-1219164183
-1219103619
-1219113654
-1219087060
-1219062947
-1219036699
-1219018296
-1219022891
-1218972431
-1218927805
-1218927803
-1218927803
-1218890332
-1218890328
-1218874049
-1218890330
-1218864787
-1218864786
-1218848327
-1218774171
-1218746406
-1218722014
-1218753265
-1218712529
-1218688630
-1218669796
-1218655006
-1218643198
-1218612283
-1218588265
-1218588264
-1218567326
-1218527038
-1218510495
-1218468336
-1218447029
-1218423200
-1218398669
-1218366269
-1218366267
-1218356853
-1218386158
-1218356852
-1218386158
-1218335852
-1218335851
-1218208066
-1218166989
-1218142395
-1218120255
-1218030836
-1218018653
-1218001278
-1218001277
-1218011193
-1217954956
-1217968979
-1217916082
-1217906448
-1217869213
-1217855221
-1217855216
-1217823902
-1217780388
-1217752827
-1217738263
-1217738262
-1217695038
-1217668932
-1217653730
-1217637252
-1217612839
-1217603334
-1217603334
-1217557357
-1217543638
-1217522663
-1217492014
-1217501742
-1217455834
-1217442072
-1217442070
-1217420961
-1217403228
-1217427971
-1217363428
-1217363426
-1217337202
-1217344275
-1217313834
-1217276582
-1217247057
-1217206492
-1217182693
-1217182691
-1217159238
-1217175750
-1217149525
-1217122776
-1217080977
-1217080975
-1217037950
-1217037948
-1217014931
-1216989142
-1216989137
-1216963238
-1216942683
-1216942682
-1216907032
-1216876955
-1216876954
-1216852931
-1216852931
-1216786397
-1216752200
-1216739964
-1216723096
-1216705533
-1216710346
-1216665850
-1216635441
-1216652901
-1216635441
-1216652899
-1216598944
-1216580018
-1216536035
-1216558179
-1216494233
-1216494228
-1216462668
-1216431077
-1216410409
-1216392329
-1216360037
-1216328464
-1216309495
-1216288000
-1216275911
-1216275910
-1216248413
-1216248412
-1216248411
-1216231351
-1216219504
-1216219502
-1216191055
-1216160780
-1216125792
-1216101519
-1216101519
-1216051382
-1216001622
-1216001621
-1216001620
-1215962152
-1215939453
-1215897821
-1215892870
-1215864073
-1215851958
-1215835634
-1215835634
-1215809165
-1215798939
-1215777537
-1215721652
-1215697097
-1215691689
-1215691688
-1215659416
-1215638387
-1215624196
-1215604345
-1215580587
-1215553894
-1215553892
-1215512142
-1215499953
-1215422999
-1215368035
-1215368034
-1215289657
-1215259231
-1215249172
-1215289657
-1215234664
-1215215483
-1215215482
-1215177905
-1215168529
-1215168529
-1215150072
-1215147772
-1215130251
-1215113281
-1215085401
-1215033281
-1215006477
-1214962179
-1214904560
-1214929245
-1214871097
-1214855236
-1214855236
-1214863449
-1214816933
-1214768245
-1214778720
-1214740358
-1214756148
-1214726045
-1214682901
-1214682901
-1214653207
-1214682899
-1214614954
-1214609322
-1214594660
-1214609321
-1214561794
-1214540991
-1214511578
-1214472285
-1214427333
-1214413178
-1214397905
-1214372468
-1214343550
-1214313493
-1214271330
-1214286850
-1214252454
-1214235804
-1214216811
-1214184591
-1214173050
-1214173049
-1214151215
-1214151214
-1214130501
-1214151210
-1214078206
-1214068801
-1214022978
-1214039977
-1213990039
-1213990038
-1213990032
-1213950074
-1213926328
-1213945383
-1213863540
-1213833801
-1213802482
-1213819395
-1213802480
-1213709651
-1213714550
-1213686456
-1213686455
-1213635150
-1213613610
-1213573386
-1213573379
-1213546806
-1213546806
-1213529703
-1213503665
-1213483622
-1213449646
-1213412962
-1213382011
-1213361705
-1213351528
-1213338273
-1213338273
-1213304926
-1213285746
-1213251660
-1213251658
-1213237659
-1213206035
-1213144877
-1213156719
-1213128812
-1213128811
-1213117233
-1213117231
-1213077482
-1213068099
-1213046869
-1213020500
-1213025151
-1213004781
-1212987607
-1213004780
-1212960809
-1212916896
-1212888958
-1212842021
-1212842019
-1212863841
-1212822284
-1212789147
-1212777536
-1212777532
-1212736188
-1212714963
-1212703336
-1212703335
-1212696549
-1212691794
-1212644122
-1212651196
-1212608847
-1212515420
-1212499874
-1212499873
-1212497467
-1212481337
-1212464713
-1212467158
-1212467157
-1212424932
-1212408582
-1212376176
-1212376176
-1212355024
-1212333792
-1212324263
-1212324262
-1212302909
-1212343220
-1212253053
-1212255548
-1212255546
-1212185613
-1212146170
-1212111695
-1212097823
-1212074074
-1212067144
-1212055240
-1212031182
-1212021697
-1211961417
-1211924785
-1211908356
-1211906036
-1211828325
-1211788409
-1211766641
-1211735367
-1211718746
-1211706875
-1211742683
-1211688817
-1211688816
-1211728272
-1211642451
-1211629627
-1211587761
-1211568846
-1211537712
-1211511544
-1211492244
-1211492243
-1211463082
-1211453600
-1211416892
-1211416891
-1211382306
-1211367926
-1211346941
-1211330353
-1211330351
-1211273021
-1211273017
-1211273016
-1211263271
-1211234020
-1211224620
-1211204398
-1211204397
-1211204391
-1211187657
-1211152283
-1211119271
-1211064436
-1210996360
-1210972823
-1210962997
-1210892710
-1210920898
-1210862747
-1210839012
-1210835682
-1210806944
-1210817592
-1210779768
-1210735164
-1210735160
-1210701556
-1210669135
-1210666758
-1210606807
-1210606805
-1210597216
-1210597214
-1210582948
-1210564217
-1210554012
-1210518776
-1210518775
-1210504641
-1210487213
-1210487212
-1210457499
-1210438096
-1210423339
-1210423334
-1210388748
-1210377109
-1210377109
-1210377108
-1210367831
-1210346734
-1210323841
-1210311959
-1210321349
-1210245810
-1210229553
-1210219461
-1210245804
-1210245803
-1210164758
-1210134169
-1210120170
-1210075117
-1210064792
-1210064790
-1209965911
-1209965911
-1209904181
-1209873112
-1209853283
-1209882986
-1209843837
-1209804413
-1209756361
-1209756358
-1209722682
-1209700737
-1209700736
-1209677552
-1209649035
-1209660962
-1209628263
-1209635097
-1209597253
-1209551097
-1209551096
-1209551095
-1209500889
-1209465902
-1209449455
-1209432007
-1209407461
-1209383632
-1209383629
-1209365808
-1209317359
-1209281625
-1209319754
-1209253097
-1209236594
-1209236593
-1209217796
-1209176532
-1209154740
-1209129289
-1209129288
-1209108170
-1209115304
-1209093865
-1209069448
-1209025428
-1209037981
-1208990775
-1208961674
-1208961673
-1208952082
-1208916961
-1208838958
-1208846222
-1208801765
-1208801765
-1208778641
-1208765991
-1208756670
-1208747039
-1208747037
-1208711773
-1208648895
-1208612783
-1208612782
-1208571005
-1208571007
-1208530580
-1208530579
-1208518869
-1208509601
-1208481235
-1208420591
-1208420590
-1208420589
-1208415704
-1208400412
-1208337204
-1208303304
-1208312509
-1208288132
-1208237739
-1208226340
-1208196151
-1208198600
-1208196146
-1208172625
-1208172623
-1208155966
-1208155965
-1208129318
-1208100017
-1208109855
-1208063365
-1208044238
-1208026489
-1208012587
-1207965378
-1207907914
-1207910420
-1207858224
-1207841922
-1207858224
-1207827733
-1207827732
-1207813596
-1207804186
-1207783187
-1207756485
-1207728283
-1207728282
-1207706158
-1207686461
-1207644215
-1207629288
-1207573758
-1207564321
-1207529984
-1207501586
-1207498902
-1207475677
-1207451794
-1207439326
-1207439325
-1207404603
-1207395091
-1207354969
-1207286495
-1207286493
-1207286499
-1207242759
-1207222506
-1207202800
-1207179109
-1207161592
-1207161590
-1207142806
-1207110965
-1207081006
-1207071875
-1207048577
-1207034437
-1207006102
-1206983685
-1207006101
-1206983683
-1206952414
-1206933255
-1206909445
-1206891870
-1206875396
-1206928619
-1206856597
-1206817673
-1206817669
-1206768847
-1206756086
-1206756080
-1206746790
-1206713299
-1206694178
-1206662939
-1206662938
-1206646742
-1206612041
-1206574304
-1206542447
-1206508830
-1206492008
-1206489675
-1206461679
-1206471113
-1206423693
-1206409500
-1206409500
-1206423693
-1206371470
-1206321893
-1206272278
-1206272278
-1206257878
-1206243260
-1206243256
-1206219796
-1206219795
-1206219795
-1206231797
-1206231796
-1206152095
-1206132980
-1206120109
-1206112893
-1206055287
-1206037464
-1206027955
-1206009569
-1205988351
-1205988346
-1205960470
-1205939021
-1205924084
-1205868618
-1205868616
-1205834177
-1205782213
-1205763667
-1205763666
-1205716114
-1205706667
-1205659594
-1205659592
-1205632631
-1205603423
-1205603420
-1205584547
-1205574902
-1205565443
-1205551255
-1205505540
-1205505539
-1205496037
-1205465344
-1205465343
-1205450202
-1205402245
-1205417952
-1205388447
-1205383942
-1205353731
-1205272149
-1205272148
-1205274634
-1205272146
-1205229543
-1205167466
-1205121069
-1205121067
-1205100917
-1205075977
-1205075976
-1205062638
-1205062637
-1205051795
-1205011706
-1204997289
-1204933338
-1204884084
-1204856792
-1204828770
-1204819348
-1204799137
-1204799136
-1204743875
-1204709830
-1204707449
-1204714462
-1204678698
-1204658283
-1204646776
-1204646775
-1204631775
-1204621828
-1204585396
-1204558751
-1204539429
-1204529848
-1204529847
-1204558753
-1204486800
-1204474982
-1204474981
-1204450271
-1204432996
-1204383915
-1204383911
-1204298822
-1204283706
-1204242243
-1204242241
-1204225558
-1204216389
-1204183448
-1204181024
-1204159168
-1204142715
-1204123844
-1204113113
-1204089859
-1204066015
-1204013345
-1204013344
-1204006267
-1204001680
-1203994625
-1203994625
-1203971039
-1203982792
-1203940167
-1203928638
-1203928633
-1203892279
-1203859513
-1203838488
-1203857156
-1203822322
-1203793988
-1203755865
-1203755863
-1203680013
-1203665346
-1203634365
-1203584403
-1203576875
-1203572268
-1203564864
-1203564863
-1203541986
-1203525593
-1203510328
-1203490766
-1203463446
-1203453762
-1203453761
-1203463442
-1203403085
-1203412547
-1203358614
-1203326121
-1203347073
-1203311510
-1203303881
-1203270244
-1203270243
-1203196192
-1203196191
-1203186979
-1203196187
-1203159431
-1203175477
-1203132201
-1203132200
-1203108504
-1203092262
-1203108503
-1203053288
-1203053288
-1203017262
-1202985250
-1202954533
-1202963353
-1202910678
-1202882892
-1202859466
-1202831364
-1202854878
-1202854877
-1202831362
-1202763489
-1202763488
-1202742541
-1202723733
-1202674871
-1202618774
-1202618772
-1202598829
-1202552307
-1202552306
-1202552305
-1202542912
-1202530138
-1202500854
-1202470217
-1202444506
-1202444504
-1202416793
-1202397912
-1202388545
-1202388544
-1202371131
-1202375904
-1202361843
-1202320829
-1202261647
-1202261646
-1202219676
-1202199291
-1202184594
-1202184593
-1202165906
-1202173552
-1202129717
-1202098964
-1202098958
-1202055988
-1202055983
-1202055987
-1202029725
-1202055986
-1202019495
-1201980849
-1201966928
-1201966927
-1201931599
-1201948068
-1201891972
-1201891971
-1201844780
-1201782644
-1201743347
-1201743347
-1201724395
-1201712654
-1201724391
-1201724389
-1201679091
-1201648732
-1201609264
-1201570604
-1201535612
-1201521627
-1201495057
-1201485532
-1201485532
-1201441119
-1201411380
-1201394866
-1201369432
-1201352116
-1201352115
-1201333594
-1201333593
-1201314919
-1201300994
-1201267832
-1201239053
-1201217600
-1201217599
-1201186042
-1201157905
-1201139421
-1201115841
-1201130198
-1201084946
-1201068742
-1201068740
-1201041608
-1201023911
-1200972234
-1200972233
-1200946996
-1200918802
-1200910779
-1200873276
-1200863625
-1200868468
-1200793619
-1200782793
-1200675385
-1200675384
-1200687392
-1200665643
-1200655391
-1200610392
-1200572125
-1200555059
-1200532135
-1200494135
-1200472692
-1200460119
-1200447462
-1200431245
-1200431244
-1200431243
-1200405071
-1200374341
-1200341615
-1200329874
-1200329877
-1200303746
-1200281164
-1200257639
-1200244461
-1200182373
-1200182372
-1200172857
-1200152861
-1200118109
-1200060439
-1200096020
-1200035511
-1200003405
-1199998804
-1199965982
-1199948890
-1199917204
-1199896471
-1199903360
-1199830650
-1199843279
-1199788653
-1199784099
-1199723030
-1199691328
-1199688968
-1199662623
-1199662621
-1199648258
-1199638749
-1199648254
-1199590467
-1199615689
-1199572336
-1199548484
-1199504394
-1199504394
-1199476517
-1199499709
-1199466913
-1199403792
-1199403790
-1199351696
-1199351695
-1199337324
-1199351696
-1199317505
-1199296059
-1199268333
-1199253931
-1199230672
-1199230670
-1199209894
-1199209886
-1199025933
-1198961922
-1198961921
-1198948048
-1198948047
-1198933789
-1198837063
-1198844612
-1198837062
-1198844612
-1198802234
-1198792806
-1198760978
-1198732888
-1198703804
-1198681105
-1198666620
-1198621136
-1198613407
-1198581510
-1198568601
-1198526499
-1198517331
-1198517329
-1198501148
-1198418316
-1198418306
-1198390268
-1198408056
-1198357870
-1198325191
-1198303252
-1198283081
-1198229576
-1198207881
-1198192757
-1198183627
-1198181270
-1198147630
-1198140356
-1198100455
-1198051336
-1198030057
-1198010160
-1197994365
-1197985542
-1197958809
-1197958808
-1197922116
-1197910233
-1197893600
-1197884039
-1197884038
-1197831668
-1197783002
-1197759535
-1197733517
-1197719372
-1197719370
-1197709865
-1197689904
-1197680474
-1197689897
-1197640560
-1197612216
-1197588676
-1197542673
-1197542672
-1197529845
-1197506114
-1197513442
-1197513442
-1197446873
-1197400022
-1197390437
-1197383222
-1197358660
-1197326433
-1197313867
-1197295959
-1197262549
-1197245497
-1197245499
-1197194871
-1197157265
-1197154897
-1197134261
-1197074548
-1197074547
-1197038200
-1197050146
-1197012804
-1197012803
-1196970054
-1196995468
-1196944551
-1196936387
-1196944549
-1196884255
-1196845239
-1196845233
-1196838245
-1196810184
-1196784034
-1196771295
-1196737811
-1196737811
-1196727551
-1196705093
-1196705091
-1196688579
-1196690942
-1196679193
-1196679193
-1196650055
-1196627422
-1196606575
-1196542380
-1196451843
-1196404570
-1196392857
-1196383442
-1196361713
-1196336894
-1196336894
-1196336893
-1196309229
-1196293013
-1196248947
-1196220671
-1196220670
-1196200576
-1196121556
-1196140444
-1196106923
-1196091337
-1196076406
-1196064371
-1195994187
-1195998981
-1195939504
-1195918117
-1195918116
-1195880758
-1195847821
-1195845434
-1195815310
-1195815309
-1195805766
-1195788606
-1195684572
-1195655750
-1195653391
-1195653390
-1195633964
-1195626925
-1195612593
-1195603246
-1195593812
-1195570707
-1195579799
-1195557723
-1195532105
-1195532104
-1195513558
-1195501976
-1195445848
-1195434044
-1195389386
-1195372381
-1195317044
-1195284854
-1195284852
-1195245583
-1195198746
-1195160759
-1195140450
-1195127748
-1195107259
-1195092643
-1195080040
-1195061284
-1195007819
-1194970306
-1194922629
-1194920306
-1194899616
-1194938882
-1194891970
-1194867040
-1194837979
-1194830789
-1194819046
-1194791166
-1194805063
-1194779382
-1194669904
-1194638080
-1194621292
-1194591690
-1194577416
-1194567577
-1194577415
-1194577414
-1194526569
-1194507976
-1194496103
-1194484310
-1194460238
-1194444909
-1194428041
-1194428039
-1194470011
-1194399318
-1194371745
-1194347258
-1194232510
-1194232506
