-1243382387
-1243382386
-1243382385
-1243371971
-1243371970
-1243371969
-1243362682
-1242245692
-1242061123
-1242047077
-1242017492
-1241971499
-1241936563
-1241881316
-1241932977
-1241857090
-1241814160
-1241767805
-1241762763
-1241767803
-1241667278
-1241642981
-1241573735
-1241549287
-1241464037
-1241445755
-1241388083
-1241393251
-1241345282
-1241317135
-1241297718
-1241280464
-1241317137
-1241258024
-1241258024
-1241243565
-1241236443
-1241211943
-1241211943
-1241170059
-1241141426
-1241083724
-1241126182
-1241074205
-1241074204
-1241058866
-1241068463
-1241039964
-1241023489
-1240999437
-1240999433
-1240987050
-1240969712
-1240948052
-1240911941
-1240854971
-1240793904
-1240767402
-1240750258
-1240738590
-1240714337
-1240683154
-1240683153
-1240680764
-1240666334
-1240653271
-1240635617
-1240628294
-1240628293
-1240601846
-1240582063
-1240582063
-1240589070
-1240561112
-1240561111
-1240586758
-1240537811
-1240472124
-1240472123
-1240443343
-1240409982
-1240392908
-1240392907
-1240366031
-1240366030
-1240353784
-1240333883
-1240309966
-1240255498
-1240245955
-1240267448
-1240217474
-1240198965
-1240198964
-1240196555
-1240181406
-1240181405
-1240217472
-1240141248
-1240121021
-1240121019
-1240105355
-1240121017
-1240059902
-1240059902
-1240000781
-1239990658
-1239933387
-1239933386
-1239945105
-1239906515
-1239871199
-1239844970
-1239844969
-1239827254
-1239799560
-1239755332
-1239737674
-1239730558
-1239711768
-1239709381
-1239635788
-1239635787
-1239625787
-1239616188
-1239616186
-1239568082
-1239561062
-1239528143
-1239520843
-1239506342
-1239484664
-1239467701
-1239467701
-1239438194
-1239438193
-1239428173
-1239404787
-1239392525
-1239392524
-1239378141
-1239368849
-1239329820
-1239329819
-1239320423
-1239320422
-1239301942
-1239301941
-1239283091
-1239273485
-1239240576
-1239218294
-1239226062
-1239187012
-1239170640
-1239165496
-1239148489
-1239049406
-1239049404
-1239039841
-1239066670
-1239017605
-1239049403
-1238989330
-1238989325
-1238855673
-1238814962
-1238787261
-1238777494
-1238741374
-1238738987
-1238717691
-1238724978
-1238698540
-1238724976
-1238652578
-1238652574
-1238574252
-1238584353
-1238525577
-1238574249
-1238507894
-1238493828
-1238482097
-1238482097
-1238482096
-1238482101
-1238385952
-1238357708
-1238357706
-1238348513
-1238316260
-1238297998
-1238280068
-1238250076
-1238235914
-1238235914
-1238221398
-1238185075
-1238156826
-1238139894
-1238123725
-1238156825
-1238080131
-1238070583
-1238051765
-1238058663
-1238031568
-1238014620
-1237999539
-1237985100
-1237958728
-1237958727
-1237958727
-1237937083
-1237941765
-1237907422
-1237895506
-1237895505
-1237879053
-1237895499
-1237879051
-1237857888
-1237833531
-1237818655
-1237807158
-1237793021
-1237734889
-1237704783
-1237663027
-1237638626
-1237610896
-1237594883
-1237548796
-1237548795
-1237548794
-1237532680
-1237517056
-1237461759
-1237440712
-1237431022
-1237431021
-1237405727
-1237440708
-1237387005
-1237360816
-1237360814
-1237290684
-1237290683
-1237274004
-1237262217
-1237250467
-1237240907
-1237212649
-1237177959
-1237158082
-1237175058
-1237138042
-1237138041
-1237121393
-1237121392
-1237106401
-1237019343
-1237001106
-1237038856
-1236966305
-1236966303
-1236966303
-1236910566
-1236806814
-1236791463
-1236781873
-1236781872
-1236770420
-1236770420
-1236756676
-1236738886
-1236738885
-1236715755
-1236702685
-1236692022
-1236666767
-1236659916
-1236648507
-1236629690
-1236603135
-1236587014
-1236591598
-1236591598
-1236587013
-1236563329
-1236554086
-1236563328
-1236523358
-1236500136
-1236500131
-1236493187
-1236476722
-1236493186
-1236453352
-1236439268
-1236383402
-1236383401
-1236383401
-1236356358
-1236346679
-1236312652
-1236273353
-1236224125
-1236202780
-1236231170
-1236187066
-1236187064
-1236187064
-1236113413
-1236113412
-1236102447
-1236123134
-1236078953
-1236088179
-1236078952
-1236060086
-1236048311
-1236064776
-1236006179
-1235992117
-1236006175
-1235939630
-1235937322
-1235918562
-1235918561
-1235909167
-1235932751
-1235899745
-1235899745
-1235888174
-1235879028
-1235876644
-1235876643
-1235879027
-1235829338
-1235798359
-1235788740
-1235798355
-1235788739
-1235759625
-1235729247
-1235708224
-1235708224
-1235691872
-1235675458
-1235675457
-1235658075
-1235606902
-1235578145
-1235556246
-1235556245
-1235537989
-1235537986
-1235503827
-1235483163
-1235473932
-1235473931
-1235444885
-1235406719
-1235406719
-1235390279
-1235390278
-1235358436
-1235358435
-1235358430
-1235332607
-1235332607
-1235346676
-1235316308
-1235293489
-1235256265
-1235256264
-1235241130
-1235241129
-1235263577
-1235226271
-1235208542
-1235228746
-1235173060
-1235173054
-1235145594
-1235135146
-1235109652
-1235109651
-1235033094
-1235047090
-1235047089
-1235033093
-1235019130
-1235007416
-1234998229
-1234973003
-1234951029
-1234948649
-1234934530
-1234948648
-1234915832
-1234913450
-1234875775
-1234860631
-1234860631
-1234777512
-1234774608
-1234746348
-1234760267
-1234720480
-1234710315
-1234710311
-1234710314
-1234710310
-1234707878
-1234632582
-1234611342
-1234582910
-1234569883
-1234545936
-1234533205
-1234523506
-1234523502
-1234523505
-1234494071
-1234480062
-1234464862
-1234432401
-1234420994
-1234420990
-1234387556
-1234387555
-1234390064
-1234366058
-1234342449
-1234330943
-1234307530
-1234252822
-1234242932
-1234242930
-1234242929
-1234202450
-1234148165
-1234084454
-1234047766
-1234047765
-1234025779
-1234025777
-1234016895
-1233983912
-1233995664
-1233959640
-1233935356
-1233881931
-1233881929
-1233862288
-1233847750
-1233819849
-1233810347
-1233793602
-1233749736
-1233734235
-1233711309
-1233697191
-1233687319
-1233653688
-1233653686
-1233617888
-1233582934
-1233589761
-1233561564
-1233549641
-1233549640
-1233549640
-1233501958
-1233501957
-1233484692
-1233472973
-1233472971
-1233420159
-1233385414
-1233369906
-1233334978
-1233323171
-1233323170
-1233334971
-1233309081
-1233306776
-1233254423
-1233254422
-1233239237
-1233236719
-1233216908
-1233182876
-1233182875
-1233182874
-1233165333
-1233146718
-1233129302
-1233099892
-1233071815
-1233052568
-1233064695
-1233014211
-1232990026
-1232990028
-1232990027
-1232959203
-1232969071
-1232898607
-1232877043
-1232896315
-1232889275
-1232884546
-1232860805
-1232830140
-1232814840
-1232785347
-1232799669
-1232747021
-1232725883
-1232716206
-1232725882
-1232716205
-1232716204
-1232695505
-1232688247
-1232693050
-1232671823
-1232657641
-1232650205
-1232600685
-1232570354
-1232538488
-1232538488
-1232501095
-1232510640
-1232477760
-1232477758
-1232463504
-1232463502
-1232444747
-1232444746
-1232432918
-1232414435
-1232398227
-1232398225
-1232391346
-1232376400
-1232389035
-1232381512
-1232303031
-1232303030
-1232286852
-1232277470
-1232263163
-1232263162
-1232244057
-1232224027
-1232224027
-1232199588
-1232199586
-1232185034
-1232185033
-1232170988
-1232161658
-1232170983
-1232083359
-1232092921
-1232036182
-1232036184
-1231979936
-1231928452
-1231901673
-1231887960
-1231901672
-1231857208
-1231864647
-1231845464
-1231819099
-1231864646
-1231782029
-1231743187
-1231731422
-1231743183
-1231662708
-1231662706
-1231649559
-1231632210
-1231592672
-1231573107
-1231554451
-1231525228
-1231525227
-1231504016
-1231522550
-1231491938
-1231520176
-1231418976
-1231401926
-1231401924
-1231401920
-1231401919
-1231401919
-1231373519
-1231363996
-1231363995
-1231363994
-1231392634
-1231326019
-1231274519
-1231240818
-1231210846
-1231204075
-1231201658
-1231175365
-1231175363
-1231163495
-1231163488
-1231065932
-1231041225
-1231026781
-1231026780
-1230997481
-1230985495
-1230997477
-1230964283
-1230879594
-1230879592
-1230874924
-1230841659
-1230841657
-1230855410
-1230831702
-1230798187
-1230786319
-1230776865
-1230734332
-1230694179
-1230694178
-1230694178
-1230667308
-1230657932
-1230657931
-1230667303
-1230610876
-1230559997
-1230553083
-1230553083
-1230559995
-1230530509
-1230520610
-1230520609
-1230422183
-1230432446
-1230397381
-1230377345
-1230377344
-1230358734
-1230344824
-1230344824
-1230358733
-1230326341
-1230333382
-1230307067
-1230307061
-1230279964
-1230279963
-1230267774
-1230248331
-1230219727
-1230208152
-1230175959
-1230175958
6
-1230145632
-1230175960
-1230119333
-1230105226
-1230093428
-1230072611
-1230055242
-1230030509
-1230006987
-1230006986
-1229978645
-1229913546
-1229894434
-1229855422
-1229800905
-1229800904
-1229776656
-1229798559
-1229764825
-1229748457
-1229734577
-1229734577
-1229704417
-1229682308
-1229659807
-1229650324
-1229635081
-1229659803
-1229616698
-1229616696
-1229652654
-1229600031
-1229600026
-1229600025
-1229566990
-1229533708
-1229521553
-1229521547
-1229521553
-1229483996
-1229452549
-1229461675
-1229452548
-1229428715
-1229403026
-1229412303
-1229388538
-1229386239
-1229403026
-1229364069
-1229351658
-1229364065
-1229351657
-1229328359
-1229337903
-1229290017
-1229299367
-1229255929
-1229204336
-1229174322
-1229147412
-1229130257
-1229132767
-1229096405
-1229079623
-1229072614
-1229065448
-1229043093
-1229055972
-1229024269
-1229005483
-1228973335
-1228949355
-1228934454
-1228944321
-1228912877
-1228895704
-1228905188
-1228875810
-1228831427
-1228831426
-1228840730
-1228773951
-1228773949
-1228756648
-1228756647
-1228723679
-1228701718
-1228701717
-1228676359
-1228670862
-1228630591
-1228630590
-1228616374
-1228616374
-1228606746
-1228623577
-1228623576
-1228581682
-1228581676
-1228529941
-1228529939
-1228494557
-1228469848
-1228439367
-1228437038
-1228407864
-1228360323
-1228360322
-1228360321
-1228395683
-1228338240
-1228338238
-1228338238
-1228348597
-1228321821
-1228302171
-1228302170
-1228302169
-1228267006
-1228238933
-1228231270
-1228228790
-1228153859
-1228120392
-1228101952
-1228101951
-1228137501
-1228089000
-1228083455
-1228066982
-1228066982
-1228050639
-1228035174
-1228035172
-1228021084
-1228018700
-1227980749
-1227957322
-1227925360
-1227911106
-1227911102
-1227874397
-1227848854
-1227777548
-1227754620
-1227754618
-1227743165
-1227730800
-1227716384
-1227716383
-1227681897
-1227692003
-1227645482
-1227645481
-1227645477
-1227624828
-1227624827
-1227582908
-1227587566
-1227558123
-1227544222
-1227534668
-1227523175
-1227486695
-1227486694
-1227471932
-1227471931
-1227439490
-1227439489
-1227428133
-1227428129
-1227406915
-1227347862
-1227325434
-1227313213
-1227325431
-1227273451
-1227285448
-1227273450
-1227256226
-1227229782
-1227229781
-1227222977
-1227211458
-1227222976
-1227222975
-1227162354
-1227148876
-1227148876
-1227132482
-1227132481
-1227120001
-1227058612
-1227034859
-1227008055
-1226987713
-1226987711
-1226966525
-1226966524
-1226942930
-1226942928
-1226927877
-1226938137
-1226901276
-1226893487
-1226881834
-1226872381
-1226847341
-1226847335
-1226812359
-1226790917
-1226790916
-1226805508
-1226788393
-1226764268
-1226769107
-1226721165
-1226716352
-1226716350
-1226693270
-1226682971
-1226682970
-1226669032
-1226669031
-1226643015
-1226630358
-1226599858
-1226578753
-1226543866
-1226529069
-1226529065
-1226509347
-1226468421
-1226445190
-1226426388
-1226400856
-1226272030
-1226259216
-1226259215
-1226241827
-1226208427
-1226196960
-1226146930
-1226123883
-1226089449
-1226097480
-1226070574
-1226065608
-1226044042
-1226026371
-1226012125
-1226012124
-1225990169
-1225990170
-1225957471
-1225957470
-1225940216
-1225927769
-1225915250
-1225915250
-1225874536
-1225848799
-1225820567
-1225799099
-1225799099
-1225776391
-1225799099
-1225764220
-1225722148
-1225722146
-1225704628
-1225743015
-1225681577
-1225671753
-1225611180
-1225588584
-1225564728
-1225549371
-1225555051
-1225549370
-1225509038
-1225490431
-1225463851
-1225439589
-1225439588
-1225461547
-1225408943
-1225392616
-1225408944
-1225369105
-1225352881
-1225314470
-1225257367
-1225257366
-1225229983
-1225195388
-1225173337
-1225173337
-1225163632
-1225154072
-1225154071
-1225144862
-1225099191
-1225091958
-1225057705
-1225047271
-1225047270
-1225035601
-1225025775
-1224973331
-1224963527
-1224935530
-1224855785
-1224825918
-1224825957
-1224825956
-1224802339
-1224793060
-1224769718
-1224711860
-1224686362
-1224686360
-1224686359
-1224711859
-1224676349
-1224667802
-1224647558
-1224609174
-1224583985
-1224609170
-1224573987
-1224562236
-1224573986
-1224545068
-1224489796
-1224476012
-1224476011
-1224430653
-1224405585
-1224426033
-1224390610
-1224390615
-1224390614
-1224353122
-1224361430
-1224341186
-1224341185
-1224313365
-1224313364
-1224334244
-1224299241
-1224299235
-1224299240
-1224299239
-1224256677
-1224218700
-1224169775
-1224149356
-1224158594
-1224132725
-1224075162
-1224075160
-1224055616
-1224048136
-1223997203
-1223978330
-1223968871
-1223968870
-1223968870
-1223862760
-1223887222
-1223848769
-1223837339
-1223835013
-1223835012
-1223809549
-1223797536
-1223797535
-1223787757
-1223760358
-1223750740
-1223750739
-1223760354
-1223728272
-1223689901
-1223668103
-1223656511
-1223656510
-1223627568
-1223627563
-1223607719
-1223607718
-1223600824
-1223572374
-1223569868
-1223549698
-1223525377
-1223508780
-1223466825
-1223459346
-1223445410
-1223433758
-1223419961
-1223406020
-1223419960
-1223375805
-1223380376
-1223375805
-1223343098
-1223320506
-1223301505
-1223277865
-1223277864
-1223237385
-1223258327
-1223220476
-1223193867
-1223193866
-1223205384
-1223173971
-1223173970
-1223159138
-1223075125
-1223057683
-1223034196
-1223014508
-1223005076
-1222982479
-1222982476
-1222955581
-1222941831
-1222884030
-1222897270
-1222872432
-1222872431
-1222897269
-1222856084
-1222856083
-1222817078
-1222789882
-1222750794
-1222724596
-1222724595
-1222724594
-1222706906
-1222706905
-1222688609
-1222688608
-1222631808
-1222631807
-1222631802
-1222609995
-1222584381
-1222619736
-1222564397
-1222571422
-1222548184
-1222524642
-1222524641
-1222515295
-1222515295
-1222515294
-1222496263
-1222496262
-1222484478
-1222461048
-1222456468
-1222421420
-1222406907
-1222406906
-1222390693
-1222373571
-1222375909
-1222352742
-1222326890
-1222333712
-1222298316
-1222289081
-1222271325
-1222271324
-1222259582
-1222208977
-1222176263
-1222176261
-1222161294
-1222185833
-1222143130
-1222104815
-1222079587
-1222046745
6
-1221963765
-1221963764
-1221976092
-1221946626
-1221934917
-1221934916
-1221934916
-1221916243
-1221923323
-1221880662
-1221848269
-1221807589
-1221782939
-1221807588
-1221771204
-1221771203
-1221771203
-1221736300
-1221724798
-1221715411
-1221685052
-1221669513
-1221635621
-1221657261
-1221623842
-1221657260
-1221609885
-1221553731
-1221553730
-1221532870
-1221525524
-1221525523
-1221500691
-1221500690
-1221470416
-1221453726
-1221458833
-1221434198
-1221405033
-1221416479
-1221374249
-1221348959
-1221348959
-1221300119
-1221314481
-1221309657
-1221252386
-1221233600
-1221233595
-1221211783
-1221152093
-1221163861
-1221152092
-1221163861
-1221152091
-1221125015
-1221105717
-1221117118
-1221082946
-1220988188
-1220964527
-1220937406
-1220929243
-1220917549
-1220898913
-1220885055
-1220885054
-1220885054
-1220842056
-1220827976
-1220861415
-1220813071
-1220813069
-1220817784
-1220781345
-1220776741
-1220750415
-1220720996
-1220709073
-1220706676
-1220691673
-1220654470
-1220617760
-1220593605
-1220593603
-1220579407
-1220551556
-1220551555
-1220561008
-1220535312
-1220535311
-1220516762
-1220472928
-1220436882
-1220425363
-1220436881
-1220436880
-1220397628
-1220390684
-1220397627
-1220379191
-1220379190
-1220367690
-1220320599
-1220296970
-1220311298
-1220276436
-1220276435
-1220246214
-1220229295
-1220217225
-1220190606
-1220190605
-1220172764
-1220172764
-1220150897
-1220150896
-1220131738
-1220150891
-1220112410
-1220112408
-1220066859
-1220054684
-1219988753
-1219988752
-1219979631
-1219975060
-1219975059
-1219945643
-1219922645
-1219892983
-1219925243
-1219875793
-1219853315
-1219831364
-1219812783
-1219801287
-1219789501
-1219713157
-1219707555
-1219738702
-1219689471
-1219679262
-1219664922
-1219648052
-1219648050
-1219633640
-1219608104
-1219608103
-1219576214
-1219547633
-1219576207
-1219515587
-1219529682
-1219497428
-1219486496
-1219486496
-1219474470
-1219426555
-1219414872
-1219397996
-1219361532
-1219351925
-1219351925
-1219335348
-1219322651
-1219290486
-1219276488
-1219182637
-1219164187
-1219164186
-1219154673
-1219125140
-1219103620
-1219103618
-1219089366
-1219062947
-1219048290
-1219036699
-1219018295
-1219022891
-1218972431
-1218955989
-1218927805
-1218913678
-1218927803
-1218923109
-1218890328
-1218890331
-1218874049
-1218890330
-1218864787
-1218864786
-1218874048
-1218848329
-1218864786
-1218848327
-1218825055
-1218774171
-1218774167
-1218760290
-1218760289
-1218722014
-1218753265
-1218712530
-1218705121
-1218688630
-1218669796
-1218702266
-1218655006
-1218643199
-1218612285
-1218612280
-1218602955
-1218602954
-1218552473
-1218527038
-1218468333
-1218432724
-1218423200
-1218398669
-1218386160
-1218366268
-1218356853
-1218386158
-1218356852
-1218386158
-1218335852
-1218335851
-1218326242
-1218335846
-1218251973
-1218262760
-1218164616
-1218142395
-1218120256
-1218136765
-1218098325
-1218098324
-1218091444
-1218074581
-1218059629
-1218030838
-1218018655
-1218018653
-1218001278
-1218001277
-1218001277
-1218011193
-1217954956
-1217968979
-1217906449
-1217916082
-1217906448
-1217881057
-1217881055
-1217869213
-1217855221
-1217855216
-1217814226
-1217780391
-1217752827
-1217765002
-1217738262
-1217702599
-1217702599
-1217702598
-1217668931
-1217653729
-1217637252
-1217612840
-1217603335
-1217603334
-1217603334
-1217571390
-1217536764
-1217522662
-1217501744
-1217501742
-1217455834
-1217442072
-1217455830
-1217420961
-1217403228
-1217427971
-1217379894
-1217363428
-1217363426
-1217344276
-1217337202
-1217313834
-1217290542
-1217264715
-1217247057
-1217206492
-1217159238
-1217159237
-1217149525
-1217122776
-1217059391
-1217037949
-1217014931
-1217001009
-1216989141
-1216989137
-1216977446
-1216942683
-1216942677
-1216926021
-1216897574
-1216852931
-1216836231
-1216836230
-1216821617
-1216836225
-1216812105
-1216786397
-1216769458
-1216752200
-1216739964
-1216723096
-1216723096
-1216705533
-1216705532
-1216682001
-1216665850
-1216635441
-1216652901
-1216635441
-1216635440
-1216613198
-1216598949
-1216513939
-1216494232
-1216494228
-1216451782
-1216428710
-1216410410
-1216410408
-1216328461
-1216328460
-1216275911
-1216275911
-1216275910
-1216248413
-1216248412
-1216248411
-1216257826
-1216231351
-1216219504
-1216219502
-1216207758
-1216191055
-1216170112
-1216135294
-1216101520
-1216101519
-1216113714
-1216111226
-1216077676
-1216101516
-1216001623
-1216001621
-1216001620
-1215962152
-1215962152
-1215939453
-1215897821
-1215892871
-1215892870
-1215864073
-1215851960
-1215859309
-1215809165
-1215809164
-1215798940
-1215777537
-1215721652
-1215697097
-1215691689
-1215691688
-1215675910
-1215638387
-1215659414
-1215624200
-1215624196
-1215604346
-1215580592
-1215580587
-1215544558
-1215520270
-1215499953
-1215520268
-1215490631
-1215435117
-1215435115
-1215447486
-1215412927
-1215380496
-1215358179
-1215340894
-1215276365
-1215276364
-1215259230
-1215249172
-1215289657
-1215234668
-1215234667
-1215215483
-1215177905
-1215168530
-1215168529
-1215150072
-1215147772
-1215147772
-1215130251
-1215113281
-1215075966
-1215033281
-1215011621
-1214962179
-1214962178
-1214919737
-1214902214
-1214873705
-1214871097
-1214855236
-1214863450
-1214816933
-1214795170
-1214768245
-1214778720
-1214743036
-1214756148
-1214696966
-1214682900
-1214653212
-1214682899
-1214614954
-1214609322
-1214594660
-1214609321
-1214609320
-1214594660
-1214578309
-1214578305
-1214561794
-1214536350
-1214511579
-1214511579
-1214540991
-1214487132
-1214472285
-1214448504
-1214448504
-1214427332
-1214413178
-1214397905
-1214386318
-1214372467
-1214352954
-1214313493
-1214271330
-1214271329
-1214252454
-1214235806
-1214235804
-1214216811
-1214184591
-1214173050
-1214173049
-1214151215
-1214151214
-1214130501
-1214115992
-1214106458
-1214092400
-1214068801
-1214022978
-1214022977
-1214037659
-1213990039
-1213990038
-1213990038
-1213980523
-1213990032
-1213950074
-1213938334
-1213926327
-1213894750
-1213875467
-1213833801
-1213831353
-1213828983
-1213826622
-1213819395
-1213819395
-1213802480
-1213780504
-1213790416
-1213790416
-1213738415
-1213686457
-1213669932
-1213658005
-1213635150
-1213628235
-1213573386
-1213573379
-1213546806
-1213529703
-1213483622
-1213513269
-1213449646
-1213440243
-1213440243
-1213396159
-1213382010
-1213382007
-1213338273
-1213285746
-1213251659
-1213237660
-1213237659
-1213237659
-1213175154
-1213144876
-1213156719
-1213128812
-1213144875
-1213117233
-1213107996
-1213077482
-1213084589
-1213068099
-1213041481
-1213025152
-1213025151
-1213020495
-1213004781
-1212987607
-1212975716
-1212916896
-1212868780
-1212842021
-1212842019
-1212842019
-1212863841
-1212822284
-1212800906
-1212777536
-1212777532
-1212777532
-1212748500
-1212736187
-1212714963
-1212703336
-1212687103
-1212661197
-1212661196
-1212633991
-1212651196
-1212608847
-1212608846
-1212587994
-1212515420
-1212515419
-1212499874
-1212499870
-1212481339
-1212481338
-1212497467
-1212481337
-1212464713
-1212467158
-1212467157
-1212429850
-1212408582
-1212324262
-1212253053
-1212213705
-1212185614
-1212185613
-1212146170
-1212136243
-1212111694
-1212088163
-1212074074
-1212074074
-1212067143
-1212055239
-1212031182
-1212031181
-1212031180
-1212036015
-1212021697
-1211961417
-1211908355
-1211906036
-1211891806
-1211871926
-1211871926
-1211845042
-1211854477
-1211828325
-1211773897
-1211718747
-1211706875
-1211706874
-1211742683
-1211688817
-1211728273
-1211661777
-1211642450
-1211620355
-1211587761
-1211568848
-1211537713
-1211537711
-1211511543
-1211492244
-1211492243
-1211492243
-1211463082
-1211453600
-1211416892
-1211402890
-1211402889
-1211389202
-1211367927
-1211367926
-1211346942
-1211346941
-1211330353
-1211330351
-1211273020
-1211273017
-1211263271
-1211243353
-1211234019
-1211224620
-1211204398
-1211204397
-1211204392
-1211187657
-1211164189
-1211152283
-1211135693
-1211135692
-1211116936
-1211090678
-1211090677
-1211064436
-1211045564
-1211025178
-1211025177
-1210996360
-1210972823
-1210962997
-1210923326
-1210920900
-1210892709
-1210835687
-1210835682
-1210835686
-1210806944
-1210817592
-1210760666
-1210735164
-1210735160
-1210694645
-1210701556
-1210669135
-1210666758
-1210606807
-1210606806
-1210606805
-1210597216
-1210597215
-1210597214
-1210582949
-1210606801
-1210573574
-1210544499
-1210530734
-1210518776
-1210518775
-1210504641
-1210482438
-1210457501
-1210487212
-1210457499
-1210438096
-1210423339
-1210423334
-1210388748
-1210377109
-1210377109
-1210377108
-1210346735
-1210346734
-1210323841
-1210311958
-1210296680
-1210321349
-1210273353
-1210273352
-1210273351
-1210245811
-1210229553
-1210219461
-1210206780
-1210245804
-1210206779
-1210245803
-1210164758
-1210183528
-1210134169
-1210120171
-1210120170
-1210091730
-1210064792
-1210064790
-1209992731
-1209992730
-1209975162
-1209970551
-1209965911
-1209919226
-1209919225
-1209897248
-1209904181
-1209882986
-1209853283
-1209882986
-1209843837
-1209826402
-1209813750
-1209804414
-1209756362
-1209756358
-1209746945
-1209722682
-1209700738
-1209710153
-1209710152
-1209700736
-1209677552
-1209670450
-1209649035
-1209635098
-1209628263
-1209597253
-1209580712
-1209568698
-1209568697
-1209568694
-1209534303
-1209519456
-1209521946
-1209500889
-1209465902
-1209481473
-1209449454
-1209416916
-1209407460
-1209383632
-1209383629
-1209383631
-1209365808
-1209298997
-1209281625
-1209319754
-1209271927
-1209253096
-1209236594
-1209236593
-1209236592
-1209227407
-1209217796
-1209217795
-1209176532
-1209147741
-1209129288
-1209108170
-1209115305
-1209115304
-1209108170
-1209093864
-1209069449
-1209037988
-1209025426
-1209037981
-1208990775
-1208990774
-1208990778
-1208961673
-1208945339
-1208945338
-1208916962
-1208916961
-1208865747
-1208858302
-1208820481
-1208801765
-1208838955
-1208778640
-1208765991
-1208756670
-1208747039
-1208747037
-1208711773
-1208648895
-1208648893
-1208601081
-1208571005
-1208571007
-1208571007
-1208530579
-1208539684
-1208535134
-1208518868
-1208481235
-1208467336
-1208420591
-1208420590
-1208420589
-1208415704
-1208400412
-1208400411
-1208415703
-1208359909
-1208303304
-1208303304
-1208312509
-1208310176
-1208237740
-1208226341
-1208226340
-1208217135
-1208196146
-1208172625
-1208170265
-1208155965
-1208167952
-1208165586
-1208155962
-1208100018
-1208109855
-1208063366
-1208063365
-1208073278
-1208034665
-1208034664
-1208012587
-1207965378
-1207907914
-1207910420
-1207858225
-1207858224
-1207858224
-1207841923
-1207841922
-1207858224
-1207827733
-1207827732
-1207813596
-1207804186
-1207783187
-1207737736
-1207703862
-1207671119
-1207644215
-1207619867
-1207595860
-1207595860
-1207573758
-1207564322
-1207573755
-1207573753
-1207501586
-1207529987
-1207475677
-1207463680
-1207463679
-1207439326
-1207439325
-1207425536
-1207395093
-1207395091
-1207383200
-1207345535
-1207322169
-1207319564
-1207286493
-1207286499
-1207242759
-1207222506
-1207202800
-1207179109
-1207198046
-1207161592
-1207161590
-1207161590
-1207142804
-1207104078
-1207081006
-1207074190
-1207071875
-1207048577
-1207048576
-1207034436
-1207027560
-1207015598
-1207006102
-1207006101
-1206963921
-1206933255
-1206909445
-1206891871
-1206891870
-1206875396
-1206875396
-1206928619
-1206875395
-1206856598
-1206856597
-1206817673
-1206801305
-1206768847
-1206788053
-1206756081
-1206756080
-1206746790
-1206725304
-1206713298
-1206694178
-1206674872
-1206662939
-1206662938
-1206646742
-1206612043
-1206574305
-1206569488
-1206530061
-1206508830
-1206492008
-1206516776
-1206471114
-1206423693
-1206421368
-1206409500
-1206409499
-1206385680
-1206338114
-1206321893
-1206319574
-1206298520
-1206298519
-1206272278
-1206272278
-1206257878
-1206243260
-1206219796
-1206219795
-1206219795
-1206202670
-1206176938
-1206100234
-1206090207
-1206112893
-1206055287
-1206037465
-1206027956
-1206027955
-1206037461
-1206004830
-1205988352
-1205978960
-1205988347
-1205988346
-1205960469
-1205939021
-1205924084
-1205868618
-1205868616
-1205847319
-1205814773
-1205782213
-1205776500
-1205745208
-1205706669
-1205720909
-1205680835
-1205716110
-1205632631
-1205603423
-1205603420
-1205584548
-1205584546
-1205574902
-1205574901
-1205565442
-1205505540
-1205505540
-1205505539
-1205505540
-1205496036
-1205482138
-1205465343
-1205450203
-1205417953
-1205402244
-1205383942
-1205367645
-1205336229
-1205326980
-1205313344
-1205289320
-1205326978
-1205289318
-1205272148
-1205272148
-1205244450
-1205272146
-1205229543
-1205167466
-1205121067
-1205100917
-1205075977
-1205075976
-1205062639
-1205062638
-1205062637
-1205044631
-1205035130
-1205051795
-1205023434
-1205011705
-1204997289
-1204987673
-1204952730
-1204909312
-1204909311
-1204933338
-1204884084
-1204845420
-1204828770
-1204819347
-1204787368
-1204766178
-1204743869
-1204709830
-1204707449
-1204678699
-1204678699
-1204665222
-1204658283
-1204658282
-1204602895
-1204529848
-1204529847
-1204514586
-1204486800
-1204474982
-1204474981
-1204474987
-1204450273
-1204432996
-1204383915
-1204383915
-1204383911
-1204364629
-1204344522
-1204322810
-1204298821
-1204298816
-1204242243
-1204242241
-1204225558
-1204216391
-1204216389
-1204225557
-1204183447
-1204159169
-1204142716
-1204142715
-1204123844
-1204123843
-1204123839
-1204066016
-1204066015
-1204041766
-1204013344
-1204006267
-1203994626
-1203994625
-1203994625
-1203982793
-1203971040
-1203971039
-1203982792
-1203940167
-1203928639
-1203928638
-1203916615
-1203916614
-1203880787
-1203850072
-1203838488
-1203857156
-1203822323
-1203822321
-1203793988
-1203773994
-1203750753
-1203755864
-1203706144
-1203665347
-1203665345
-1203634362
-1203634365
-1203584404
-1203634365
-1203576875
-1203572268
-1203572267
-1203564863
-1203541986
-1203525593
-1203516201
-1203510328
-1203478654
-1203453762
-1203453761
-1203453761
-1203463442
-1203434773
-1203403084
-1203386405
-1203377217
-1203358614
-1203347073
-1203326120
-1203303882
-1203311510
-1203286991
-1203286990
-1203286989
-1203303881
-1203270244
-1203270243
-1203196192
-1203196192
-1203196188
-1203196187
-1203156948
-1203139291
-1203139289
-1203132200
-1203120281
-1203108503
-1203063149
-1203032279
-1203017260
-1202954533
-1202963353
-1202923043
-1202910678
-1202900526
-1202910675
-1202854878
-1202831364
-1202854878
-1202831362
-1202854877
-1202810228
-1202831362
-1202797460
-1202763489
-1202763488
-1202763485
-1202742540
-1202723732
-1202691225
-1202672569
-1202674871
-1202636022
-1202618774
-1202618773
-1202636024
-1202598829
-1202552306
-1202542913
-1202552302
-1202530138
-1202552300
-1202500854
-1202470218
-1202470217
-1202444506
-1202444505
-1202419114
-1202416793
-1202388544
-1202371130
-1202375904
-1202348954
-1202320829
-1202348953
-1202250340
-1202261646
-1202219676
-1202199291
-1202199290
-1202184593
-1202173556
-1202173553
-1202138994
-1202113017
-1202098964
-1202081926
-1202081925
-1202098958
-1202055988
-1202055983
-1202055987
-1202055982
-1202029724
-1202014363
-1202019495
-1202004106
-1201966927
-1201943417
-1201943416
-1201931599
-1201931598
-1201948068
-1201903957
-1201891972
-1201891971
-1201833110
-1201802758
-1201773019
-1201743347
-1201775432
-1201724395
-1201712654
-1201724391
-1201724390
-1201724389
-1201679091
6
-1201609264
-1201570604
-1201535613
-1201521627
-1201507448
-1201495057
-1201485532
-1201471763
-1201469439
-1201441119
-1201428634
-1201428633
-1201441116
-1201411380
-1201409028
-1201394866
-1201369431
-1201394861
-1201338340
-1201248803
-1201239053
-1201217600
-1201217599
-1201217598
-1201195640
-1201186041
-1201167330
-1201181433
-1201115842
-1201094435
-1201068740
-1201051226
-1201041609
-1201023912
-1200984305
-1200994109
-1200946997
-1200946996
-1200918803
-1200898859
-1200873276
-1200863625
-1200840916
-1200840914
-1200812807
-1200782793
-1200746334
-1200746333
-1200731853
-1200675385
-1200675384
-1200687392
-1200665643
-1200687392
-1200655393
-1200655391
-1200610392
-1200598704
-1200532135
-1200539108
-1200532135
-1200494135
-1200513050
-1200477495
-1200460118
-1200447462
-1200431245
-1200416725
-1200431244
-1200431243
-1200416724
-1200416723
-1200329875
-1200329874
-1200281164
-1200267130
-1200244463
-1200244461
-1200230260
-1200182371
-1200182368
-1200118109
-1200118108
-1200084493
-1200060439
-1200096020
-1200035511
-1200005730
-1199965983
-1199965987
-1199948890
-1199917204
-1199917203
-1199896471
-1199903360
-1199852618
-1199830650
-1199830649
-1199835745
-1199784101
-1199784099
-1199784102
-1199764012
-1199764010
-1199708191
-1199703247
-1199688966
-1199688968
-1199662623
-1199648259
-1199648257
-1199648254
-1199615689
-1199572336
-1199548485
-1199538923
-1199506714
-1199504393
-1199504394
-1199476517
-1199476516
-1199476515
-1199499709
-1199466914
-1199420798
-1199388055
-1199351697
-1199351696
-1199337325
-1199337323
-1199351696
-1199317505
-1199296059
-1199300680
-1199268333
-1199230672
-1199230670
-1199237469
-1199190306
-1199154215
-1199154214
-1199165921
-1199165920
-1199132578
-1199132578
-1199139612
-1199139611
-1199103545
-1199103544
-1199058275
-1199025933
-1198961922
-1198971402
-1198961921
-1198948048
-1198948047
-1198933789
-1198933788
-1198933784
-1198871889
-1198837063
-1198844612
-1198837062
-1198817682
-1198817681
-1198802234
-1198802228
-1198780959
-1198760978
-1198732888
-1198703804
-1198681105
-1198613407
-1198593974
-1198581510
-1198581510
-1198568601
-1198526499
-1198526498
-1198517329
-1198501148
-1198512775
-1198489442
-1198489441
-1198430341
-1198418314
-1198408057
-1198390268
-1198377003
-1198357871
-1198357870
-1198325192
-1198325191
-1198303251
-1198307982
-1198273630
-1198265215
-1198217146
-1198207883
-1198192757
-1198181272
-1198181271
-1198147630
-1198128581
-1198126256
-1198100455
-1198078043
-1198051336
-1198030056
-1198010160
-1197994365
-1197985542
-1197958810
-1197958808
-1197936061
-1197910234
-1197893600
-1197884039
-1197884038
-1197884038
-1197898346
-1197893596
-1197866720
-1197818766
-1197783002
-1197759535
-1197759535
-1197733518
-1197733517
-1197719371
-1197754718
-1197747571
-1197689903
-1197689898
-1197640560
-1197612216
-1197612215
-1197626584
-1197577080
-1197555482
-1197542673
-1197542672
-1197529845
-1197542672
-1197506114
-1197513442
-1197465797
-1197446875
-1197446873
-1197400023
-1197383222
-1197358660
-1197356346
-1197326432
-1197313867
-1197295959
-1197295959
-1197245501
-1197245497
-1197211174
-1197154897
-1197150281
-1197112009
-1197131903
-1197100270
-1197088811
-1197074548
-1197022460
-1196986001
-1196995468
-1196970053
-1196970053
-1196953935
-1196944551
-1196936387
-1196944549
-1196884255
-1196857307
-1196845239
-1196824255
-1196838245
-1196810183
-1196771296
-1196793666
-1196737811
-1196737811
-1196727551
-1196705093
-1196705092
-1196688579
-1196690942
-1196679193
-1196679193
-1196650054
-1196606576
-1196576187
-1196542380
-1196493888
-1196425952
-1196392858
-1196392857
-1196361717
-1196336898
-1196336897
-1196336894
-1196336894
-1196336893
-1196327641
-1196309229
-1196304714
-1196220671
-1196220670
-1196220670
-1196200576
-1196208054
-1196129582
-1196121555
-1196076406
-1196054978
-1196076399
-1196024275
-1195998982
-1195994187
-1195998981
-1195975723
-1195930187
-1195908843
-1195908842
-1195868580
-1195880758
-1195847821
-1195845434
-1195815310
-1195815309
-1195805766
-1195788606
-1195713133
-1195684572
-1195684571
-1195655750
-1195653391
-1195653390
-1195633964
-1195626926
-1195626925
-1195603247
-1195593812
-1195579800
-1195570707
-1195579799
-1195570705
-1195532105
-1195532104
-1195513558
-1195522746
-1195501976
-1195495171
-1195485663
-1195445848
-1195445846
-1195434044
-1195402178
-1195372382
-1195372381
-1195372381
-1195350218
-1195327080
-1195319856
-1195317044
-1195280007
-1195284852
-1195280004
-1195280005
-1195245581
-1195223183
-1195179333
-1195140451
-1195140450
-1195127748
-1195107260
-1195080041
-1195080040
-1195061284
-1195007819
-1194970306
-1194922629
-1194920306
-1194917960
-1194899617
-1194938882
-1194891970
-1194873976
-1194873975
-1194837979
-1194830789
-1194805063
-1194779382
-1194779381
-1194761880
-1194761879
-1194734315
-1194724034
-1194712169
-1194684543
-1194645257
-1194621293
-1194601257
-1194591690
-1194572482
-1194567577
-1194577415
-1194551006
-1194540740
-1194496104
-1194484312
-1194484310
-1194460238
-1194428041
-1194428039
-1194470011
-1194399319
-1194389904
-1194371745
-1194371744
-1194311855
-1194266977
-1194232510
-1194232509
-1194232507
-1194217565
